-7.472675469  
471.2435026  
23.87450918  
-62.74702925  
81.55799253  
109.7106194  
-10.9083668  
-115.7212112  
-152.7036115  
-29.13042933  
-71.5536182  
25.58714454  
323.7045763  
76.52166474  
203.9462522  
43.23233676  
103.604591  
251.1436827  
235.4333484  
49.42042589  
-74.08668458  
201.8368209  
38.37520837  
356.0486227  
307.558233  
27.01896663  
156.3573044  
86.81727053  
-0.9760341401  
156.1492728  
21.49115945  
58.28707325  
158.5617204  
-32.25346646  
34.47953673  
350.9930522  
-182.3574657  
-51.45249134  
30.27364497  
118.2520992  
-136.5446609  
-11.01610866  
14.69040161  
54.15081935  
-30.92226823  
-91.95317706  
-26.87696409  
-34.57977079  
-132.7926553  
-100.4815887  
17.14744274  
-150.8687459  
-324.6931878  
-40.39243605  
-212.2920168  
-44.83303974  
-98.77009504  
51.65236387  
-8.602374967  
21.56703753  
164.6502444  
-32.48949737  
-43.51588494  
-112.8567168  
-7.480795525  
36.71783694  
-113.6102653  
-50.92834208  
-6.691007166  
-14.59592399  
-156.7951931  
-44.15343794  
-200.194245  
-58.05356784  
