10.19346863  
152.5048802  
28.33496565  
49.59101204  
128.019555  
127.5908494  
-29.12030522  
33.56696577  
-13.39745144  
18.62875732  
45.51793645  
-57.00663799  
130.3511509  
32.01817533  
-46.2819369  
-51.64503133  
-17.03458811  
173.4520331  
119.2460904  
145.6468131  
26.04499815  
91.12077935  
69.90851363  
72.83462731  
-64.69207496  
124.2738246  
8.581827339  
67.27497359  
96.9353348  
87.28314475  
62.72216025  
-16.33064691  
31.24224342  
121.1120094  
155.5659264  
175.209269  
-83.15339582  
-37.27100027  
-37.5289332  
1.626685827  
1.843407243  
-125.0485079  
-141.3905055  
66.44909241  
-3.603696221  
-12.68363532  
16.95881174  
14.51255068  
89.67502685  
-77.99274958  
76.75183682  
1.271363323  
-43.59727063  
100.240454  
-17.1941612  
-37.9055064  
-53.597435  
30.33104829  
-66.65353475  
17.81897266  
237.5491316  
-89.93893187  
-116.4747157  
-15.91054273  
-3.312331428  
55.92746683  
11.23843114  
-45.80593372  
40.15654479  
51.17198487  
-82.78513472  
14.35460377  
-95.99921182  
121.3219175  
