 -2.0000    2    2.000   1.0000          Go_L
  0.0000    0    2.000   1.0000          NULL 
  2.0000    4    2.000   1.0000        Nogo_L
  4.0000    0    2.000   1.0000          NULL 
  6.0000    4    2.000   1.0000        Nogo_L
  8.0000    3    2.000   1.0000        Nogo_H
 10.0000    0    5.000   1.0000          NULL 
 15.0000    3    2.000   1.0000        Nogo_H
 17.0000    2    2.000   1.0000          Go_L
 19.0000    2    2.000   1.0000          Go_L
 21.0000    0    4.000   1.0000          NULL 
 25.0000    4    2.000   1.0000        Nogo_L
 27.0000    3    2.000   1.0000        Nogo_H
 29.0000    4    2.000   1.0000        Nogo_L
 31.0000    3    2.000   1.0000        Nogo_H
 33.0000    0    6.000   1.0000          NULL 
 39.0000    3    2.000   1.0000        Nogo_H
 41.0000    0    1.000   1.0000          NULL 
 42.0000    1    2.000   1.0000          Go_H
 44.0000    2    2.000   1.0000          Go_L
 46.0000    0    4.000   1.0000          NULL 
 50.0000    3    2.000   1.0000        Nogo_H
 52.0000    0    2.000   1.0000          NULL 
 54.0000    1    2.000   1.0000          Go_H
 56.0000    0    2.000   1.0000          NULL 
 58.0000    1    2.000   1.0000          Go_H
 60.0000    0    4.000   1.0000          NULL 
 64.0000    4    2.000   1.0000        Nogo_L
 66.0000    0    2.000   1.0000          NULL 
 68.0000    1    2.000   1.0000          Go_H
 70.0000    0    5.000   1.0000          NULL 
 75.0000    3    2.000   1.0000        Nogo_H
 77.0000    4    2.000   1.0000        Nogo_L
 79.0000    0    1.000   1.0000          NULL 
 80.0000    4    2.000   1.0000        Nogo_L
 82.0000    0    1.000   1.0000          NULL 
 83.0000    1    2.000   1.0000          Go_H
 85.0000    0    4.000   1.0000          NULL 
 89.0000    1    2.000   1.0000          Go_H
 91.0000    0    1.000   1.0000          NULL 
 92.0000    1    2.000   1.0000          Go_H
 94.0000    0    3.000   1.0000          NULL 
 97.0000    3    2.000   1.0000        Nogo_H
 99.0000    0    6.000   1.0000          NULL 
105.0000    3    2.000   1.0000        Nogo_H
107.0000    4    2.000   1.0000        Nogo_L
109.0000    0    2.000   1.0000          NULL 
111.0000    3    2.000   1.0000        Nogo_H
113.0000    3    2.000   1.0000        Nogo_H
115.0000    3    2.000   1.0000        Nogo_H
117.0000    3    2.000   1.0000        Nogo_H
119.0000    0    4.000   1.0000          NULL 
123.0000    3    2.000   1.0000        Nogo_H
125.0000    0    4.000   1.0000          NULL 
129.0000    4    2.000   1.0000        Nogo_L
131.0000    0    2.000   1.0000          NULL 
133.0000    4    2.000   1.0000        Nogo_L
135.0000    4    2.000   1.0000        Nogo_L
137.0000    0    1.000   1.0000          NULL 
138.0000    2    2.000   1.0000          Go_L
140.0000    0    6.000   1.0000          NULL 
146.0000    4    2.000   1.0000        Nogo_L
148.0000    0    1.000   1.0000          NULL 
149.0000    4    2.000   1.0000        Nogo_L
151.0000    0    1.000   1.0000          NULL 
152.0000    1    2.000   1.0000          Go_H
154.0000    0    2.000   1.0000          NULL 
156.0000    4    2.000   1.0000        Nogo_L
158.0000    0    6.000   1.0000          NULL 
164.0000    1    2.000   1.0000          Go_H
166.0000    1    2.000   1.0000          Go_H
168.0000    0    4.000   1.0000          NULL 
172.0000    4    2.000   1.0000        Nogo_L
174.0000    0    2.000   1.0000          NULL 
176.0000    3    2.000   1.0000        Nogo_H
178.0000    0    1.000   1.0000          NULL 
179.0000    4    2.000   1.0000        Nogo_L
181.0000    0    1.000   1.0000          NULL 
182.0000    2    2.000   1.0000          Go_L
184.0000    0    1.000   1.0000          NULL 
185.0000    1    2.000   1.0000          Go_H
187.0000    0    3.000   1.0000          NULL 
190.0000    3    2.000   1.0000        Nogo_H
192.0000    0    4.000   1.0000          NULL 
196.0000    3    2.000   1.0000        Nogo_H
198.0000    0    2.000   1.0000          NULL 
200.0000    3    2.000   1.0000        Nogo_H
202.0000    0    1.000   1.0000          NULL 
203.0000    3    2.000   1.0000        Nogo_H
205.0000    0    2.000   1.0000          NULL 
207.0000    2    2.000   1.0000          Go_L
209.0000    4    2.000   1.0000        Nogo_L
211.0000    0    1.000   1.0000          NULL 
212.0000    4    2.000   1.0000        Nogo_L
214.0000    0    5.000   1.0000          NULL 
219.0000    3    2.000   1.0000        Nogo_H
221.0000    0    2.000   1.0000          NULL 
223.0000    3    2.000   1.0000        Nogo_H
225.0000    0    6.000   1.0000          NULL 
231.0000    2    2.000   1.0000          Go_L
233.0000    0    4.000   1.0000          NULL 
237.0000    4    2.000   1.0000        Nogo_L
239.0000    2    2.000   1.0000          Go_L
241.0000    0    2.000   1.0000          NULL 
243.0000    4    2.000   1.0000        Nogo_L
245.0000    4    2.000   1.0000        Nogo_L
247.0000    0    5.000   1.0000          NULL 
252.0000    2    2.000   1.0000          Go_L
254.0000    3    2.000   1.0000        Nogo_H
256.0000    4    2.000   1.0000        Nogo_L
258.0000    0    1.000   1.0000          NULL 
259.0000    2    2.000   1.0000          Go_L
261.0000    0    1.000   1.0000          NULL 
262.0000    2    2.000   1.0000          Go_L
264.0000    1    2.000   1.0000          Go_H
266.0000    3    2.000   1.0000        Nogo_H
268.0000    3    2.000   1.0000        Nogo_H
270.0000    3    2.000   1.0000        Nogo_H
272.0000    0    2.000   1.0000          NULL 
274.0000    4    2.000   1.0000        Nogo_L
276.0000    4    2.000   1.0000        Nogo_L
278.0000    0    4.000   1.0000          NULL 
282.0000    3    2.000   1.0000        Nogo_H
284.0000    4    2.000   1.0000        Nogo_L
286.0000    4    2.000   1.0000        Nogo_L
288.0000    0    3.000   1.0000          NULL 
291.0000    3    2.000   1.0000        Nogo_H
293.0000    0    6.000   1.0000          NULL 
299.0000    4    2.000   1.0000        Nogo_L
301.0000    0    1.000   1.0000          NULL 
302.0000    4    2.000   1.0000        Nogo_L
304.0000    0    2.000   1.0000          NULL 
306.0000    3    2.000   1.0000        Nogo_H
308.0000    0   12.000   1.0000          NULL 
