 -2.0000    3    2.000   1.0000        Nogo_H
  0.0000    0    1.000   1.0000          NULL 
  1.0000    3    2.000   1.0000        Nogo_H
  3.0000    0    3.000   1.0000          NULL 
  6.0000    4    2.000   1.0000        Nogo_L
  8.0000    4    2.000   1.0000        Nogo_L
 10.0000    0    5.000   1.0000          NULL 
 15.0000    4    2.000   1.0000        Nogo_L
 17.0000    0    1.000   1.0000          NULL 
 18.0000    4    2.000   1.0000        Nogo_L
 20.0000    0    6.000   1.0000          NULL 
 26.0000    4    2.000   1.0000        Nogo_L
 28.0000    3    2.000   1.0000        Nogo_H
 30.0000    0    6.000   1.0000          NULL 
 36.0000    2    2.000   1.0000          Go_L
 38.0000    0    1.000   1.0000          NULL 
 39.0000    2    2.000   1.0000          Go_L
 41.0000    0    1.000   1.0000          NULL 
 42.0000    3    2.000   1.0000        Nogo_H
 44.0000    0    2.000   1.0000          NULL 
 46.0000    3    2.000   1.0000        Nogo_H
 48.0000    3    2.000   1.0000        Nogo_H
 50.0000    0    5.000   1.0000          NULL 
 55.0000    1    2.000   1.0000          Go_H
 57.0000    0    1.000   1.0000          NULL 
 58.0000    3    2.000   1.0000        Nogo_H
 60.0000    4    2.000   1.0000        Nogo_L
 62.0000    0    3.000   1.0000          NULL 
 65.0000    3    2.000   1.0000        Nogo_H
 67.0000    0    3.000   1.0000          NULL 
 70.0000    2    2.000   1.0000          Go_L
 72.0000    3    2.000   1.0000        Nogo_H
 74.0000    0    3.000   1.0000          NULL 
 77.0000    3    2.000   1.0000        Nogo_H
 79.0000    0    5.000   1.0000          NULL 
 84.0000    3    2.000   1.0000        Nogo_H
 86.0000    0    3.000   1.0000          NULL 
 89.0000    4    2.000   1.0000        Nogo_L
 91.0000    4    2.000   1.0000        Nogo_L
 93.0000    0    2.000   1.0000          NULL 
 95.0000    3    2.000   1.0000        Nogo_H
 97.0000    0    1.000   1.0000          NULL 
 98.0000    2    2.000   1.0000          Go_L
100.0000    3    2.000   1.0000        Nogo_H
102.0000    0    6.000   1.0000          NULL 
108.0000    1    2.000   1.0000          Go_H
110.0000    2    2.000   1.0000          Go_L
112.0000    4    2.000   1.0000        Nogo_L
114.0000    4    2.000   1.0000        Nogo_L
116.0000    0    5.000   1.0000          NULL 
121.0000    3    2.000   1.0000        Nogo_H
123.0000    0    2.000   1.0000          NULL 
125.0000    3    2.000   1.0000        Nogo_H
127.0000    1    2.000   1.0000          Go_H
129.0000    4    2.000   1.0000        Nogo_L
131.0000    0    2.000   1.0000          NULL 
133.0000    3    2.000   1.0000        Nogo_H
135.0000    3    2.000   1.0000        Nogo_H
137.0000    0    5.000   1.0000          NULL 
142.0000    1    2.000   1.0000          Go_H
144.0000    0    3.000   1.0000          NULL 
147.0000    1    2.000   1.0000          Go_H
149.0000    1    2.000   1.0000          Go_H
151.0000    4    2.000   1.0000        Nogo_L
153.0000    0    3.000   1.0000          NULL 
156.0000    3    2.000   1.0000        Nogo_H
158.0000    3    2.000   1.0000        Nogo_H
160.0000    0    3.000   1.0000          NULL 
163.0000    3    2.000   1.0000        Nogo_H
165.0000    0    3.000   1.0000          NULL 
168.0000    4    2.000   1.0000        Nogo_L
170.0000    0    1.000   1.0000          NULL 
171.0000    4    2.000   1.0000        Nogo_L
173.0000    0    1.000   1.0000          NULL 
174.0000    2    2.000   1.0000          Go_L
176.0000    0    2.000   1.0000          NULL 
178.0000    3    2.000   1.0000        Nogo_H
180.0000    0    3.000   1.0000          NULL 
183.0000    4    2.000   1.0000        Nogo_L
185.0000    0    3.000   1.0000          NULL 
188.0000    2    2.000   1.0000          Go_L
190.0000    4    2.000   1.0000        Nogo_L
192.0000    0    3.000   1.0000          NULL 
195.0000    4    2.000   1.0000        Nogo_L
197.0000    0    1.000   1.0000          NULL 
198.0000    1    2.000   1.0000          Go_H
200.0000    0    1.000   1.0000          NULL 
201.0000    4    2.000   1.0000        Nogo_L
203.0000    0    1.000   1.0000          NULL 
204.0000    4    2.000   1.0000        Nogo_L
206.0000    0    3.000   1.0000          NULL 
209.0000    4    2.000   1.0000        Nogo_L
211.0000    0    1.000   1.0000          NULL 
212.0000    4    2.000   1.0000        Nogo_L
214.0000    1    2.000   1.0000          Go_H
216.0000    0    3.000   1.0000          NULL 
219.0000    2    2.000   1.0000          Go_L
221.0000    0    4.000   1.0000          NULL 
225.0000    3    2.000   1.0000        Nogo_H
227.0000    0    1.000   1.0000          NULL 
228.0000    1    2.000   1.0000          Go_H
230.0000    0    2.000   1.0000          NULL 
232.0000    3    2.000   1.0000        Nogo_H
234.0000    0    3.000   1.0000          NULL 
237.0000    4    2.000   1.0000        Nogo_L
239.0000    0    1.000   1.0000          NULL 
240.0000    1    2.000   1.0000          Go_H
242.0000    0    3.000   1.0000          NULL 
245.0000    3    2.000   1.0000        Nogo_H
247.0000    4    2.000   1.0000        Nogo_L
249.0000    0    6.000   1.0000          NULL 
255.0000    4    2.000   1.0000        Nogo_L
257.0000    0    1.000   1.0000          NULL 
258.0000    4    2.000   1.0000        Nogo_L
260.0000    0    2.000   1.0000          NULL 
262.0000    1    2.000   1.0000          Go_H
264.0000    0    4.000   1.0000          NULL 
268.0000    4    2.000   1.0000        Nogo_L
270.0000    2    2.000   1.0000          Go_L
272.0000    0    2.000   1.0000          NULL 
274.0000    3    2.000   1.0000        Nogo_H
276.0000    0    2.000   1.0000          NULL 
278.0000    4    2.000   1.0000        Nogo_L
280.0000    0    6.000   1.0000          NULL 
286.0000    2    2.000   1.0000          Go_L
288.0000    0    1.000   1.0000          NULL 
289.0000    3    2.000   1.0000        Nogo_H
291.0000    0    1.000   1.0000          NULL 
292.0000    2    2.000   1.0000          Go_L
294.0000    3    2.000   1.0000        Nogo_H
296.0000    0    1.000   1.0000          NULL 
297.0000    4    2.000   1.0000        Nogo_L
299.0000    3    2.000   1.0000        Nogo_H
301.0000    0    3.000   1.0000          NULL 
304.0000    1    2.000   1.0000          Go_H
306.0000    2    2.000   1.0000          Go_L
308.0000    0   12.000   1.0000          NULL 
