 -2.0000    3    2.000   1.0000        Nogo_H
  0.0000    1    2.000   1.0000          Go_H
  2.0000    0    2.000   1.0000          NULL 
  4.0000    2    2.000   1.0000          Go_L
  6.0000    0    4.000   1.0000          NULL 
 10.0000    4    2.000   1.0000        Nogo_L
 12.0000    0    2.000   1.0000          NULL 
 14.0000    3    2.000   1.0000        Nogo_H
 16.0000    0    3.000   1.0000          NULL 
 19.0000    3    2.000   1.0000        Nogo_H
 21.0000    3    2.000   1.0000        Nogo_H
 23.0000    0    1.000   1.0000          NULL 
 24.0000    3    2.000   1.0000        Nogo_H
 26.0000    0    1.000   1.0000          NULL 
 27.0000    3    2.000   1.0000        Nogo_H
 29.0000    0    5.000   1.0000          NULL 
 34.0000    1    2.000   1.0000          Go_H
 36.0000    3    2.000   1.0000        Nogo_H
 38.0000    4    2.000   1.0000        Nogo_L
 40.0000    0    3.000   1.0000          NULL 
 43.0000    3    2.000   1.0000        Nogo_H
 45.0000    0    4.000   1.0000          NULL 
 49.0000    2    2.000   1.0000          Go_L
 51.0000    0    2.000   1.0000          NULL 
 53.0000    4    2.000   1.0000        Nogo_L
 55.0000    0    6.000   1.0000          NULL 
 61.0000    3    2.000   1.0000        Nogo_H
 63.0000    0    2.000   1.0000          NULL 
 65.0000    1    2.000   1.0000          Go_H
 67.0000    0    1.000   1.0000          NULL 
 68.0000    2    2.000   1.0000          Go_L
 70.0000    0    5.000   1.0000          NULL 
 75.0000    3    2.000   1.0000        Nogo_H
 77.0000    3    2.000   1.0000        Nogo_H
 79.0000    0    3.000   1.0000          NULL 
 82.0000    2    2.000   1.0000          Go_L
 84.0000    0    4.000   1.0000          NULL 
 88.0000    3    2.000   1.0000        Nogo_H
 90.0000    0    6.000   1.0000          NULL 
 96.0000    2    2.000   1.0000          Go_L
 98.0000    0    3.000   1.0000          NULL 
101.0000    3    2.000   1.0000        Nogo_H
103.0000    0    1.000   1.0000          NULL 
104.0000    1    2.000   1.0000          Go_H
106.0000    0    1.000   1.0000          NULL 
107.0000    3    2.000   1.0000        Nogo_H
109.0000    3    2.000   1.0000        Nogo_H
111.0000    3    2.000   1.0000        Nogo_H
113.0000    4    2.000   1.0000        Nogo_L
115.0000    0    1.000   1.0000          NULL 
116.0000    4    2.000   1.0000        Nogo_L
118.0000    0    4.000   1.0000          NULL 
122.0000    3    2.000   1.0000        Nogo_H
124.0000    3    2.000   1.0000        Nogo_H
126.0000    0    2.000   1.0000          NULL 
128.0000    4    2.000   1.0000        Nogo_L
130.0000    0    4.000   1.0000          NULL 
134.0000    4    2.000   1.0000        Nogo_L
136.0000    0    4.000   1.0000          NULL 
140.0000    4    2.000   1.0000        Nogo_L
142.0000    0    1.000   1.0000          NULL 
143.0000    1    2.000   1.0000          Go_H
145.0000    0    3.000   1.0000          NULL 
148.0000    3    2.000   1.0000        Nogo_H
150.0000    4    2.000   1.0000        Nogo_L
152.0000    3    2.000   1.0000        Nogo_H
154.0000    0    2.000   1.0000          NULL 
156.0000    2    2.000   1.0000          Go_L
158.0000    0    1.000   1.0000          NULL 
159.0000    3    2.000   1.0000        Nogo_H
161.0000    0    4.000   1.0000          NULL 
165.0000    4    2.000   1.0000        Nogo_L
167.0000    0    3.000   1.0000          NULL 
170.0000    1    2.000   1.0000          Go_H
172.0000    4    2.000   1.0000        Nogo_L
174.0000    0    1.000   1.0000          NULL 
175.0000    3    2.000   1.0000        Nogo_H
177.0000    0    3.000   1.0000          NULL 
180.0000    4    2.000   1.0000        Nogo_L
182.0000    0    4.000   1.0000          NULL 
186.0000    4    2.000   1.0000        Nogo_L
188.0000    2    2.000   1.0000          Go_L
190.0000    4    2.000   1.0000        Nogo_L
192.0000    0    5.000   1.0000          NULL 
197.0000    4    2.000   1.0000        Nogo_L
199.0000    4    2.000   1.0000        Nogo_L
201.0000    4    2.000   1.0000        Nogo_L
203.0000    0    3.000   1.0000          NULL 
206.0000    3    2.000   1.0000        Nogo_H
208.0000    0    5.000   1.0000          NULL 
213.0000    4    2.000   1.0000        Nogo_L
215.0000    0    2.000   1.0000          NULL 
217.0000    3    2.000   1.0000        Nogo_H
219.0000    0    5.000   1.0000          NULL 
224.0000    4    2.000   1.0000        Nogo_L
226.0000    0    1.000   1.0000          NULL 
227.0000    2    2.000   1.0000          Go_L
229.0000    0    1.000   1.0000          NULL 
230.0000    3    2.000   1.0000        Nogo_H
232.0000    1    2.000   1.0000          Go_H
234.0000    1    2.000   1.0000          Go_H
236.0000    0    1.000   1.0000          NULL 
237.0000    3    2.000   1.0000        Nogo_H
239.0000    1    2.000   1.0000          Go_H
241.0000    0    4.000   1.0000          NULL 
245.0000    4    2.000   1.0000        Nogo_L
247.0000    0    3.000   1.0000          NULL 
250.0000    4    2.000   1.0000        Nogo_L
252.0000    0    1.000   1.0000          NULL 
253.0000    4    2.000   1.0000        Nogo_L
255.0000    2    2.000   1.0000          Go_L
257.0000    0    1.000   1.0000          NULL 
258.0000    4    2.000   1.0000        Nogo_L
260.0000    0    5.000   1.0000          NULL 
265.0000    1    2.000   1.0000          Go_H
267.0000    0    2.000   1.0000          NULL 
269.0000    4    2.000   1.0000        Nogo_L
271.0000    0    1.000   1.0000          NULL 
272.0000    3    2.000   1.0000        Nogo_H
274.0000    0    6.000   1.0000          NULL 
280.0000    2    2.000   1.0000          Go_L
282.0000    0    1.000   1.0000          NULL 
283.0000    4    2.000   1.0000        Nogo_L
285.0000    0    5.000   1.0000          NULL 
290.0000    4    2.000   1.0000        Nogo_L
292.0000    0    2.000   1.0000          NULL 
294.0000    1    2.000   1.0000          Go_H
296.0000    2    2.000   1.0000          Go_L
298.0000    0    1.000   1.0000          NULL 
299.0000    2    2.000   1.0000          Go_L
301.0000    0    2.000   1.0000          NULL 
303.0000    1    2.000   1.0000          Go_H
305.0000    0    4.000   1.0000          NULL 
309.0000    4    2.000   1.0000        Nogo_L
311.0000    4    2.000   1.0000        Nogo_L
313.0000    0    2.000   1.0000          NULL 
315.0000    3    2.000   1.0000        Nogo_H
317.0000    0    3.000   1.0000          NULL 
