 -2.0000    2    2.000   1.0000          Go_L
  0.0000    2    2.000   1.0000          Go_L
  2.0000    0    6.000   1.0000          NULL 
  8.0000    3    2.000   1.0000        Nogo_H
 10.0000    2    2.000   1.0000          Go_L
 12.0000    0    3.000   1.0000          NULL 
 15.0000    4    2.000   1.0000        Nogo_L
 17.0000    0    2.000   1.0000          NULL 
 19.0000    4    2.000   1.0000        Nogo_L
 21.0000    4    2.000   1.0000        Nogo_L
 23.0000    0    5.000   1.0000          NULL 
 28.0000    4    2.000   1.0000        Nogo_L
 30.0000    0    6.000   1.0000          NULL 
 36.0000    4    2.000   1.0000        Nogo_L
 38.0000    0    4.000   1.0000          NULL 
 42.0000    3    2.000   1.0000        Nogo_H
 44.0000    0    1.000   1.0000          NULL 
 45.0000    3    2.000   1.0000        Nogo_H
 47.0000    4    2.000   1.0000        Nogo_L
 49.0000    0    4.000   1.0000          NULL 
 53.0000    3    2.000   1.0000        Nogo_H
 55.0000    0    5.000   1.0000          NULL 
 60.0000    1    2.000   1.0000          Go_H
 62.0000    1    2.000   1.0000          Go_H
 64.0000    0    4.000   1.0000          NULL 
 68.0000    2    2.000   1.0000          Go_L
 70.0000    0    3.000   1.0000          NULL 
 73.0000    4    2.000   1.0000        Nogo_L
 75.0000    0    1.000   1.0000          NULL 
 76.0000    4    2.000   1.0000        Nogo_L
 78.0000    0    4.000   1.0000          NULL 
 82.0000    2    2.000   1.0000          Go_L
 84.0000    0    5.000   1.0000          NULL 
 89.0000    3    2.000   1.0000        Nogo_H
 91.0000    0    2.000   1.0000          NULL 
 93.0000    3    2.000   1.0000        Nogo_H
 95.0000    0    1.000   1.0000          NULL 
 96.0000    3    2.000   1.0000        Nogo_H
 98.0000    1    2.000   1.0000          Go_H
100.0000    0    3.000   1.0000          NULL 
103.0000    3    2.000   1.0000        Nogo_H
105.0000    3    2.000   1.0000        Nogo_H
107.0000    0    4.000   1.0000          NULL 
111.0000    1    2.000   1.0000          Go_H
113.0000    0    3.000   1.0000          NULL 
116.0000    4    2.000   1.0000        Nogo_L
118.0000    0    1.000   1.0000          NULL 
119.0000    4    2.000   1.0000        Nogo_L
121.0000    0    1.000   1.0000          NULL 
122.0000    3    2.000   1.0000        Nogo_H
124.0000    0    2.000   1.0000          NULL 
126.0000    4    2.000   1.0000        Nogo_L
128.0000    0    2.000   1.0000          NULL 
130.0000    3    2.000   1.0000        Nogo_H
132.0000    0    2.000   1.0000          NULL 
134.0000    3    2.000   1.0000        Nogo_H
136.0000    0    3.000   1.0000          NULL 
139.0000    3    2.000   1.0000        Nogo_H
141.0000    0    5.000   1.0000          NULL 
146.0000    4    2.000   1.0000        Nogo_L
148.0000    0    2.000   1.0000          NULL 
150.0000    2    2.000   1.0000          Go_L
152.0000    0    1.000   1.0000          NULL 
153.0000    4    2.000   1.0000        Nogo_L
155.0000    0    2.000   1.0000          NULL 
157.0000    1    2.000   1.0000          Go_H
159.0000    0    1.000   1.0000          NULL 
160.0000    3    2.000   1.0000        Nogo_H
162.0000    0    1.000   1.0000          NULL 
163.0000    4    2.000   1.0000        Nogo_L
165.0000    3    2.000   1.0000        Nogo_H
167.0000    4    2.000   1.0000        Nogo_L
169.0000    3    2.000   1.0000        Nogo_H
171.0000    0    3.000   1.0000          NULL 
174.0000    2    2.000   1.0000          Go_L
176.0000    0    5.000   1.0000          NULL 
181.0000    4    2.000   1.0000        Nogo_L
183.0000    0    1.000   1.0000          NULL 
184.0000    4    2.000   1.0000        Nogo_L
186.0000    0    2.000   1.0000          NULL 
188.0000    1    2.000   1.0000          Go_H
190.0000    0    4.000   1.0000          NULL 
194.0000    3    2.000   1.0000        Nogo_H
196.0000    0    6.000   1.0000          NULL 
202.0000    3    2.000   1.0000        Nogo_H
204.0000    2    2.000   1.0000          Go_L
206.0000    4    2.000   1.0000        Nogo_L
208.0000    0    4.000   1.0000          NULL 
212.0000    1    2.000   1.0000          Go_H
214.0000    0    2.000   1.0000          NULL 
216.0000    4    2.000   1.0000        Nogo_L
218.0000    0    6.000   1.0000          NULL 
224.0000    4    2.000   1.0000        Nogo_L
226.0000    1    2.000   1.0000          Go_H
228.0000    2    2.000   1.0000          Go_L
230.0000    0    2.000   1.0000          NULL 
232.0000    2    2.000   1.0000          Go_L
234.0000    1    2.000   1.0000          Go_H
236.0000    0    5.000   1.0000          NULL 
241.0000    1    2.000   1.0000          Go_H
243.0000    0    2.000   1.0000          NULL 
245.0000    4    2.000   1.0000        Nogo_L
247.0000    0    1.000   1.0000          NULL 
248.0000    1    2.000   1.0000          Go_H
250.0000    0    3.000   1.0000          NULL 
253.0000    4    2.000   1.0000        Nogo_L
255.0000    3    2.000   1.0000        Nogo_H
257.0000    3    2.000   1.0000        Nogo_H
259.0000    4    2.000   1.0000        Nogo_L
261.0000    0    1.000   1.0000          NULL 
262.0000    4    2.000   1.0000        Nogo_L
264.0000    0    5.000   1.0000          NULL 
269.0000    1    2.000   1.0000          Go_H
271.0000    4    2.000   1.0000        Nogo_L
273.0000    0    1.000   1.0000          NULL 
274.0000    3    2.000   1.0000        Nogo_H
276.0000    4    2.000   1.0000        Nogo_L
278.0000    3    2.000   1.0000        Nogo_H
280.0000    0    6.000   1.0000          NULL 
286.0000    2    2.000   1.0000          Go_L
288.0000    0    1.000   1.0000          NULL 
289.0000    3    2.000   1.0000        Nogo_H
291.0000    0    1.000   1.0000          NULL 
292.0000    4    2.000   1.0000        Nogo_L
294.0000    0    1.000   1.0000          NULL 
295.0000    3    2.000   1.0000        Nogo_H
297.0000    0    2.000   1.0000          NULL 
299.0000    2    2.000   1.0000          Go_L
301.0000    4    2.000   1.0000        Nogo_L
303.0000    0    1.000   1.0000          NULL 
304.0000    3    2.000   1.0000        Nogo_H
306.0000    0    6.000   1.0000          NULL 
312.0000    3    2.000   1.0000        Nogo_H
314.0000    0    2.000   1.0000          NULL 
316.0000    3    2.000   1.0000        Nogo_H
318.0000    3    2.000   1.0000        Nogo_H
